0:0 0 2.0 2.4 2.8 3.2 3.7 4.2 4.8
0:1 1 2.7 3.2 3.6 4.2 4.8 5.5 6.2
0:2 2 3.4 3.9 4.5 5.1 5.8 6.6 7.5
0:3 3 4.0 4.5 5.2 5.8 6.6 7.5 8.5
0:4 4 4.4 5.0 5.7 6.4 7.3 8.2 9.3
0:5 5 4.8 5.4 6.1 6.9 7.8 8.8 10.0
0:6 6 5.1 5.7 6.5 7.3 8.2 9.3 10.6
0:7 7 5.3 6.0 6.8 7.6 8.6 9.8 11.1
0:8 8 5.6 6.3 7.0 7.9 9.0 10.2 11.6
0:9 9 5.8 6.5 7.3 8.2 9.3 10.5 12.0
0:10 10 5.9 6.7 7.5 8.5 9.6 10.9 12.4
0:11 11 6.1 6.9 7.7 8.7 9.9 11.2 12.8
1:0 12 6.3 7.0 7.9 8.9 10.1 11.5 13.1
1:1 13 6.4 7.2 8.1 9.2 10.4 11.8 13.5
1:2 14 6.6 7.4 8.3 9.4 10.6 12.1 13.8
1:3 15 6.7 7.6 8.5 9.6 10.9 12.4 14.1
1:4 16 6.9 7.7 8.7 9.8 11.1 12.6 14.5
1:5 17 7.0 7.9 8.9 10.0 11.4 12.9 14.8
1:6 18 7.2 8.1 9.1 10.2 11.6 13.2 15.1
1:7 19 7.3 8.2 9.2 10.4 11.8 13.5 15.4
1:8 20 7.5 8.4 9.4 10.6 12.1 13.7 15.7
1:9 21 7.6 8.6 9.6 10.9 12.3 14.0 16.0
1:10 22 7.8 8.7 9.8 11.1 12.5 14.3 16.4
1:11 23 7.9 8.9 10.0 11.3 12.8 14.6 16.7
2:0 24 8.1 9.0 10.2 11.5 13.0 14.8 17.0
2:1 25 8.2 9.2 10.3 11.7 13.3 15.1 17.3
2:2 26 8.4 9.4 10.5 11.9 13.5 15.4 17.7
2:3 27 8.5 9.5 10.7 12.1 13.7 15.7 18.0
2:4 28 8.6 9.7 10.9 12.3 14.0 16.0 18.3
2:5 29 8.8 9.8 11.1 12.5 14.2 16.2 18.7
2:6 30 8.9 10.0 11.2 12.7 14.4 16.5 19.0
2:7 31 9.0 10.1 11.4 12.9 14.7 16.8 19.3
2:8 32 9.1 10.3 11.6 13.1 14.9 17.1 19.6
2:9 33 9.3 10.4 11.7 13.3 15.1 17.3 20.0
2:10 34 9.4 10.5 11.9 13.5 15.4 17.6 20.3
2:11 35 9.5 10.7 12.0 13.7 15.6 17.9 20.6
3:0 36 9.6 10.8 12.2 13.9 15.8 18.1 20.9
3:1 37 9.7 10.9 12.4 14.0 16.0 18.4 21.3
3:2 38 9.8 11.1 12.5 14.2 16.3 18.7 21.6
3:3 39 9.9 11.2 12.7 14.4 16.5 19.0 22.0
3:4 40 10.1 11.3 12.8 14.6 16.7 19.2 22.3
3:5 41 10.2 11.5 13.0 14.8 16.9 19.5 22.7
3:6 42 10.3 11.6 13.1 15.0 17.2 19.8 23.0
3:7 43 10.4 11.7 13.3 15.2 17.4 20.1 23.4
3:8 44 10.5 11.8 13.4 15.3 17.6 20.4 23.7
3:9 45 10.6 12.0 13.6 15.5 17.8 20.7 24.1
3:10 46 10.7 12.1 13.7 15.7 18.1 20.9 24.5
3:11 47 10.8 12.2 13.9 15.9 18.3 21.2 24.8
4:0 48 10.9 12.3 14.0 16.1 18.5 21.5 25.2
4:1 49 11.0 12.4 14.2 16.3 18.8 21.8 25.5
4:2 50 11.1 12.6 14.3 16.4 19.0 22.1 25.9
4:3 51 11.2 12.7 14.5 16.6 19.2 22.4 26.3
4:4 52 11.3 12.8 14.6 16.8 19.4 22.6 26.6
4:5 53 11.4 12.9 14.8 17.0 19.7 22.9 27.0
4:6 54 11.5 13.0 14.9 17.2 19.9 23.2 27.4
4:7 55 11.6 13.2 15.1 17.3 20.1 23.5 27.7
4:8 56 11.7 13.3 15.2 17.5 20.3 23.8 28.1
4:9 57 11.8 13.4 15.3 17.7 20.6 24.1 28.5
4:10 58 11.9 13.5 15.5 17.9 20.8 24.4 28.8
4:11 59 12.0 13.6 15.6 18.0 21.0 24.6 29.2
5:0 60 12.1 13.7 15.8 18.2 21.2 24.9 29.5
5:1 61 12.4 14.0 15.9 18.3 21.2 24.8 29.5
5:2 62 12.5 14.1 16.0 18.4 21.4 25.1 29.8
5:3 63 12.6 14.2 16.2 18.6 21.6 25.4 30.2
5:4 64 12.7 14.3 16.3 18.8 21.8 25.6 30.5
5:5 65 12.8 14.4 16.5 19.0 22.0 25.9 30.9
5:6 66 12.9 14.6 16.6 19.1 22.2 26.2 31.3
5:7 67 13.0 14.7 16.8 19.3 22.5 26.5 31.6
5:8 68 13.1 14.8 16.9 19.5 22.7 26.7 32.0
5:9 69 13.2 14.9 17.0 19.6 22.9 27.0 32.3
5:10 70 13.3 15.0 17.2 19.8 23.1 27.3 32.7
5:11 71 13.4 15.2 17.3 20.0 23.3 27.6 33.1
6:0 72 13.5 15.3 17.5 20.2 23.5 27.8 33.4
6:1 73 13.6 15.4 17.6 20.3 23.8 28.1 33.8
6:2 74 13.7 15.5 17.8 20.5 24.0 28.4 34.2
6:3 75 13.8 15.6 17.9 20.7 24.2 28.7 34.6
6:4 76 13.9 15.8 18.0 20.9 24.4 29.0 35.0
6:5 77 14.0 15.9 18.2 21.0 24.6 29.3 35.4
6:6 78 14.1 16.0 18.3 21.2 24.9 29.6 35.8
6:7 79 14.2 16.1 18.5 21.4 25.1 29.9 36.2
6:8 80 14.3 16.3 18.6 21.6 25.3 30.2 36.6
6:9 81 14.4 16.4 18.8 21.8 25.6 30.5 37.0
6:10 82 14.5 16.5 18.9 22.0 25.8 30.8 37.4
6:11 83 14.6 16.6 19.1 22.2 26.1 31.1 37.8
7:0 84 14.8 16.8 19.3 22.4 26.3 31.4 38.3
7:1 85 14.9 16.9 19.4 22.6 26.6 31.8 38.7
7:2 86 15.0 17.1 19.6 22.8 26.8 32.1 39.2
7:3 87 15.1 17.2 19.8 23.0 27.1 32.5 39.6
7:4 88 15.2 17.3 19.9 23.2 27.4 32.8 40.1
7:5 89 15.4 17.5 20.1 23.4 27.6 33.1 40.6
7:6 90 15.5 17.6 20.3 23.6 27.9 33.5 41.1
7:7 91 15.6 17.8 20.5 23.9 28.2 33.9 41.5
7:8 92 15.7 17.9 20.7 24.1 28.5 34.2 42.0
7:9 93 15.9 18.1 20.9 24.3 28.8 34.6 42.6
7:10 94 16.0 18.3 21.0 24.5 29.1 35.0 43.1
7:11 95 16.2 18.4 21.2 24.8 29.4 35.4 43.6
8:0 96 16.3 18.6 21.4 25.0 29.7 35.8 44.1
8:1 97 16.4 18.8 21.6 25.3 30.0 36.2 44.7
8:2 98 16.6 18.9 21.8 25.5 30.3 36.6 45.2
8:3 99 16.7 19.1 22.0 25.8 30.6 37.0 45.8
8:4 100 16.9 19.3 22.3 26.0 30.9 37.4 46.3
8:5 101 17.0 19.5 22.5 26.3 31.2 37.8 46.9
8:6 102 17.2 19.6 22.7 26.6 31.6 38.3 47.5
8:7 103 17.3 19.8 22.9 26.8 31.9 38.7 48.1
8:8 104 17.5 20.0 23.1 27.1 32.2 39.1 48.7
8:9 105 17.7 20.2 23.3 27.4 32.6 39.6 49.3
8:10 106 17.8 20.4 23.6 27.6 32.9 40.0 49.9
8:11 107 18.0 20.6 23.8 27.9 33.3 40.5 50.5
9:0 108 18.1 20.8 24.0 28.2 33.6 41.0 51.1
9:1 109 18.3 21.0 24.3 28.5 34.0 41.4 51.8
9:2 110 18.5 21.2 24.5 28.8 34.4 41.9 52.4
9:3 111 18.7 21.4 24.7 29.1 34.7 42.4 53.1
9:4 112 18.8 21.6 25.0 29.4 35.1 42.9 53.7
9:5 113 19.0 21.8 25.2 29.7 35.5 43.3 54.4
9:6 114 19.2 22.0 25.5 30.0 35.9 43.8 55.0
9:7 115 19.4 22.2 25.7 30.3 36.2 44.3 55.7
9:8 116 19.5 22.4 26.0 30.6 36.6 44.8 56.4
9:9 117 19.7 22.6 26.2 30.9 37.0 45.3 57.1
9:10 118 19.9 22.8 26.5 31.2 37.4 45.8 57.8
9:11 119 20.1 23.0 26.8 31.5 37.8 46.4 58.5
10:0 120 20.3 23.3 27.0 31.9 38.2 46.9 59.2
