tu-0-den-5-tuoi
0:0 0 2.1 2.5 2.9 3.3 3.9 4.4 5.0
0:1 1 2.9 3.4 3.9 4.5 5.1 5.8 6.6
0:2 2 3.8 4.3 4.9 5.6 6.3 7.1 8.0
0:3 3 4.4 5.0 5.7 6.4 7.2 8.0 9.0
0:4 4 4.9 5.6 6.2 7.0 7.8 8.7 9.7
0:5 5 5.3 6.0 6.7 7.5 8.4 9.3 10.4
0:6 6 5.7 6.4 7.1 7.9 8.8 9.8 10.9
0:7 7 5.9 6.7 7.4 8.3 9.2 10.3 11.4
0:8 8 6.2 6.9 7.7 8.6 9.6 10.7 11.9
0:9 9 6.4 7.1 8.0 8.9 9.9 11.0 12.3
0:10 10 6.6 7.4 8.2 9.2 10.2 11.4 12.7
0:11 11 6.8 7.6 8.4 9.4 10.5 11.7 13.0
1:0 12 6.9 7.7 8.6 9.6 10.8 12.0 13.3
1:1 13 7.1 7.9 8.8 9.9 11.0 12.3 13.7
1:2 14 7.2 8.1 9.0 10.1 11.3 12.6 14.0
1:3 15 7.4 8.3 9.2 10.3 11.5 12.8 14.3
1:4 16 7.5 8.4 9.4 10.5 11.7 13.1 14.6
1:5 17 7.7 8.6 9.6 10.7 12.0 13.4 14.9
1:6 18 7.8 8.8 9.8 10.9 12.2 13.7 15.3
1:7 19 8.0 8.9 10.0 11.1 12.5 13.9 15.6
1:8 20 8.1 9.1 10.1 11.3 12.7 14.2 15.9
1:9 21 8.2 9.2 10.3 11.5 12.9 14.5 16.2
1:10 22 8.4 9.4 10.5 11.8 13.2 14.7 16.5
1:11 23 8.5 9.5 10.7 12.0 13.4 15.0 16.8
2:0 24 8.6 9.7 10.8 12.2 13.6 15.3 17.1
2:1 25 8.8 9.8 11.0 12.4 13.9 15.5 17.5
2:2 26 8.9 10.0 11.2 12.5 14.1 15.8 17.8
2:3 27 9.0 10.1 11.3 12.7 14.3 16.1 18.1
2:4 28 9.1 10.2 11.5 12.9 14.5 16.3 18.4
2:5 29 9.2 10.4 11.7 13.1 14.8 16.6 18.7
2:6 30 9.4 10.5 11.8 13.3 15.0 16.9 19.0
2:7 31 9.5 10.7 12.0 13.5 15.2 17.1 19.3
2:8 32 9.6 10.8 12.1 13.7 15.4 17.4 19.6
2:9 33 9.7 10.9 12.3 13.8 15.6 17.6 19.9
2:10 34 9.8 11.0 12.4 14.0 15.8 17.8 20.2
2:11 35 9.9 11.2 12.6 14.2 16.0 18.1 20.4
3:0 36 10.0 11.3 12.7 14.3 16.2 18.3 20.7
3:1 37 10.1 11.4 12.9 14.5 16.4 18.6 21.0
3:2 38 10.2 11.5 13.0 14.7 16.6 18.8 21.3
3:3 39 10.3 11.6 13.1 14.8 16.8 19.0 21.6
3:4 40 10.4 11.8 13.3 15.0 17.0 19.3 21.9
3:5 41 10.5 11.9 13.4 15.2 17.2 19.5 22.1
3:6 42 10.6 12.0 13.6 15.3 17.4 19.7 22.4
3:7 43 10.7 12.1 13.7 15.5 17.6 20.0 22.7
3:8 44 10.8 12.2 13.8 15.7 17.8 20.2 23.0
3:9 45 10.9 12.4 14.0 15.8 18.0 20.5 23.3
3:10 46 11.0 12.5 14.1 16.0 18.2 20.7 23.6
3:11 47 11.1 12.6 14.3 16.2 18.4 20.9 23.9
4:0 48 11.2 12.7 14.4 16.3 18.6 21.2 24.2
4:1 49 11.3 12.8 14.5 16.5 18.8 21.4 24.5
4:2 50 11.4 12.9 14.7 16.7 19.0 21.7 24.8
4:3 51 11.5 13.1 14.8 16.8 19.2 21.9 25.1
4:4 52 11.6 13.2 15.0 17.0 19.4 22.2 25.4
4:5 53 11.7 13.3 15.1 17.2 19.6 22.4 25.7
4:6 54 11.8 13.4 15.2 17.3 19.8 22.7 26.0
4:7 55 11.9 13.5 15.4 17.5 20.0 22.9 26.3
4:8 56 12.0 13.6 15.5 17.7 20.2 23.2 26.6
4:9 57 12.1 13.7 15.6 17.8 20.4 23.4 26.9
4:10 58 12.2 13.8 15.8 18.0 20.6 23.7 27.2
4:11 59 12.3 14.0 15.9 18.2 20.8 23.9 27.6
5:0 60 12.4 14.1 16.0 18.3 21.0 24.2 27.9
tu-5-10-tuoi
5:1 61 12.7 14.4 16.3 18.5 21.1 24.2 27.8
5:2 62 12.8 14.5 16.4 18.7 21.3 24.4 28.1
5:3 63 13.0 14.6 16.6 18.9 21.5 24.7 28.4
5:4 64 13.1 14.8 16.7 19.0 21.7 24.9 28.8
5:5 65 13.2 14.9 16.9 19.2 22.0 25.2 29.1
5:6 66 13.3 15.0 17.0 19.4 22.2 25.5 29.4
5:7 67 13.4 15.2 17.2 19.6 22.4 25.7 29.8
5:8 68 13.6 15.3 17.4 19.8 22.6 26.0 30.1
5:9 69 13.7 15.4 17.5 19.9 22.8 26.3 30.4
5:10 70 13.8 15.6 17.7 20.1 23.1 26.6 30.8
5:11 71 13.9 15.7 17.8 20.3 23.3 26.8 31.2
6:0 72 14.1 15.9 18.0 20.5 23.5 27.1 31.5
6:1 73 14.2 16.0 18.2 20.7 23.7 27.4 31.9
6:2 74 14.3 16.2 18.3 20.9 24.0 27.7 32.2
6:3 75 14.5 16.3 18.5 21.1 24.2 28.0 32.6
6:4 76 14.6 16.5 18.7 21.3 24.4 28.3 33.0
6:5 77 14.7 16.6 18.8 21.5 24.7 28.6 33.3
6:6 78 14.9 16.8 19.0 21.7 24.9 28.9 33.7
6:7 79 15.0 16.9 19.2 21.9 25.2 29.2 34.1
6:8 80 15.1 17.1 19.3 22.1 25.4 29.5 34.5
6:9 81 15.3 17.2 19.5 22.3 25.6 29.8 34.9
6:10 82 15.4 17.4 19.7 22.5 25.9 30.1 35.3
6:11 83 15.5 17.5 19.9 22.7 26.1 30.4 35.7
7:0 84 15.7 17.7 20.0 22.9 26.4 30.7 36.1
7:1 85 15.8 17.8 20.2 23.1 26.6 31.0 36.5
7:2 86 15.9 18.0 20.4 23.3 26.9 31.3 36.9
7:3 87 16.1 18.1 20.6 23.5 27.1 31.7 37.4
7:4 88 16.2 18.3 20.7 23.7 27.4 32.0 37.8
7:5 89 16.3 18.4 20.9 23.9 27.7 32.3 38.2
7:6 90 16.5 18.6 21.1 24.1 27.9 32.6 38.7
7:7 91 16.6 18.7 21.3 24.3 28.2 33.0 39.1
7:8 92 16.7 18.9 21.4 24.6 28.4 33.3 39.6
7:9 93 16.9 19.0 21.6 24.8 28.7 33.7 40.1
7:10 94 17.0 19.2 21.8 25.0 29.0 34.0 40.5
7:11 95 17.1 19.3 22.0 25.2 29.2 34.4 41.0
8:0 96 17.3 19.5 22.1 25.4 29.5 34.7 41.5
8:1 97 17.4 19.6 22.3 25.6 29.8 35.1 42.0
8:2 98 17.5 19.8 22.5 25.9 30.1 35.5 42.5
8:3 99 17.7 19.9 22.7 26.1 30.3 35.8 43.1
8:4 100 17.8 20.1 22.9 26.3 30.6 36.2 43.6
8:5 101 17.9 20.2 23.0 26.5 30.9 36.6 44.1
8:6 102 18.1 20.4 23.2 26.7 31.2 37.0 44.7
8:7 103 18.2 20.5 23.4 27.0 31.5 37.4 45.2
8:8 104 18.3 20.7 23.6 27.2 31.8 37.8 45.8
8:9 105 18.4 20.8 23.8 27.4 32.1 38.2 46.4
8:10 106 18.6 21.0 23.9 27.6 32.4 38.6 47.0
8:11 107 18.7 21.1 24.1 27.9 32.7 39.0 47.6
9:0 108 18.8 21.3 24.3 28.1 33.0 39.4 48.2
9:1 109 18.9 21.4 24.5 28.3 33.3 39.9 48.8
9:2 110 19.1 21.6 24.7 28.6 33.6 40.3 49.5
9:3 111 19.2 21.7 24.9 28.8 33.9 40.7 50.1
9:4 112 19.3 21.9 25.1 29.1 34.3 41.2 50.8
9:5 113 19.5 22.1 25.3 29.3 34.6 41.7 51.5
9:6 114 19.6 22.2 25.5 29.6 34.9 42.1 52.1
9:7 115 19.7 22.4 25.7 29.8 35.3 42.6 52.8
9:8 116 19.9 22.5 25.9 30.1 35.6 43.1 53.5
9:9 117 20.0 22.7 26.1 30.4 36.0 43.5 54.2
9:10 118 20.1 22.9 26.3 30.6 36.3 44.0 55.0
9:11 119 20.3 23.0 26.5 30.9 36.7 44.5 55.7
10:0 120 20.4 23.2 26.7 31.2 37.0 45.0 56.4
